% time     seconds  usecs/call     calls    errors syscall
------ ----------- ----------- --------- --------- ----------------
 51,03    0,314524           2    106524           read
 48,50    0,298922           2    106948           lseek
  0,47    0,002897           4       586           write
  0,00    0,000014           7         2           clock_gettime
  0,00    0,000008           1         8           close
  0,00    0,000000           0         7           fstat
  0,00    0,000000           0        24           mmap
  0,00    0,000000           0         9           mprotect
  0,00    0,000000           0         1           munmap
  0,00    0,000000           0         4           brk
  0,00    0,000000           0         1         1 access
  0,00    0,000000           0         1           execve
  0,00    0,000000           0         1           getcwd
  0,00    0,000000           0         2         1 arch_prctl
  0,00    0,000000           0        48        40 openat
------ ----------- ----------- --------- --------- ----------------
100.00    0,616365                214166        42 total
