% time     seconds  usecs/call     calls    errors syscall
------ ----------- ----------- --------- --------- ----------------
 50,27    0,140203           2     57428           read
 48,10    0,134144           2     57852           lseek
  1,27    0,003554           6       586           write
  0,13    0,000365           7        48        40 openat
  0,09    0,000254          10        24           mmap
  0,07    0,000182         182         1           execve
  0,02    0,000060           6         9           mprotect
  0,01    0,000038           4         8           close
  0,01    0,000030           4         7           fstat
  0,00    0,000012           3         4           brk
  0,00    0,000011           5         2         1 arch_prctl
  0,00    0,000009           9         1         1 access
  0,00    0,000006           6         1           getcwd
  0,00    0,000005           2         2           clock_gettime
  0,00    0,000000           0         1           munmap
------ ----------- ----------- --------- --------- ----------------
100.00    0,278873                115974        42 total
